0.001	2.22941E-06
0.002	1.90711E-05
0.003	0.000049617
0.004	8.81649E-05
0.005	0.000131044
0.006	0.000176144
0.007	0.00022224
0.008	0.000268607
0.009	0.000314804
0.01	0.000360561
0.011	0.000405712
0.012	0.00045016
0.013	0.000493848
0.014	0.000536745
0.015	0.000578841
0.016	0.000620136
0.017	0.000660638
0.018	0.000700363
0.019	0.000739324
0.02	0.000777542
0.021	0.000815037
0.022	0.000851828
0.023	0.000887934
0.024	0.000923377
0.025	0.000958176
0.026	0.000992349
0.027	0.00102592
0.028	0.00105889
0.029	0.00109129
0.03	0.00112315
0.031	0.00115445
0.032	0.00118523
0.033	0.0012155
0.034	0.00124527
0.035	0.00127455
0.036	0.00130337
0.037	0.00133171
0.038	0.00135961
0.039	0.00138707
0.04	0.0014141
0.041	0.00144071
0.042	0.00146692
0.043	0.00149272
0.044	0.00151812
0.045	0.00154314
0.046	0.00156779
0.047	0.00159207
0.048	0.001616
0.049	0.00163956
0.05	0.00166278
0.051	0.00168565
0.052	0.00170819
0.053	0.00173041
0.054	0.0017523
0.055	0.00177388
0.056	0.00179514
0.057	0.00181609
0.058	0.00183674
0.059	0.0018571
0.06	0.00187716
0.061	0.00189695
0.062	0.00191644
0.063	0.00193565
0.064	0.00195459
0.065	0.00197326
0.066	0.00199166
0.067	0.00200979
0.068	0.00202768
0.069	0.0020453
0.07	0.00206266
0.071	0.00207978
0.072	0.00209665
0.073	0.00211327
0.074	0.00212966
0.075	0.00214581
0.076	0.00216173
0.077	0.0021774
0.078	0.00219285
0.079	0.00220808
0.08	0.00222307
0.081	0.00223785
0.082	0.0022524
0.083	0.00226675
0.084	0.00228088
0.085	0.00229479
0.086	0.00230849
0.087	0.00232198
0.088	0.00233526
0.089	0.00234834
0.09	0.00236122
0.091	0.0023739
0.092	0.00238638
0.093	0.00239866
0.094	0.00241075
0.095	0.00242264
0.096	0.00243434
0.097	0.00244585
0.098	0.00245717
0.099	0.00246831
0.1	0.00247926
0.106	0.00254116
0.112	0.00259677
0.118	0.00264633
0.124	0.00269013
0.13	0.00272839
0.136	0.0027613
0.142	0.00278907
0.148	0.00281188
0.154	0.0028299
0.16	0.00284327
0.166	0.00285218
0.172	0.00285674
0.178	0.00285711
0.184	0.0028534
0.19	0.00284578
0.196	0.00283434
0.202	0.00281922
0.208	0.00280054
0.214	0.00277842
0.22	0.00275299
0.226	0.00272434
0.232	0.00269263
0.238	0.00265793
0.244	0.00262039
0.25	0.00258012
0.256	0.00253723
0.262	0.00249184
0.268	0.00244407
0.274	0.00239404
0.28	0.00234187
0.286	0.00228767
0.292	0.00223157
0.298	0.0021737
0.304	0.00211417
0.31	0.00205311
0.316	0.00199066
0.322	0.00192692
0.328	0.00186204
0.334	0.00179615
0.34	0.00172938
0.346	0.00166185
0.352	0.00159372
0.358	0.00152512
0.364	0.00145617
0.37	0.00138703
0.376	0.00131784
0.382	0.00124876
0.388	0.0011799
0.394	0.00111144
0.4	0.00104351
0.406	0.000976282
0.412	0.000909894
0.418	0.000844509
0.424	0.000780283
0.43	0.000717377
0.436	0.000655953
0.442	0.000596177
0.448	0.000538212
0.454	0.000482228
0.46	0.000428395
0.466	0.000376885
0.472	0.000327873
0.478	0.000281536
0.484	0.000238051
0.49	0.0001976
0.496	0.000160365
0.502	0.000126531
0.508	9.62859E-05
0.514	0.000069818
0.52	4.73188E-05
0.526	2.89817E-05
0.532	1.50021E-05
0.538	5.57788E-06
0.544	9.0874E-07
0.55	4.13484E-07
0.556	4.14968E-07
0.562	4.16416E-07
0.568	4.1783E-07
0.574	4.19208E-07
0.58	4.20552E-07
0.586	4.21863E-07
0.592	4.23139E-07
0.598	4.24381E-07
0.604	4.25589E-07
0.61	4.26763E-07
0.616	4.27903E-07
0.622	4.29009E-07
0.628	4.30081E-07
0.634	4.3112E-07
0.64	4.32125E-07
0.646	4.33096E-07
0.652	4.34034E-07
0.658	4.34938E-07
0.664	4.35809E-07
0.67	4.36647E-07
0.676	4.37451E-07
0.682	4.38222E-07
0.688	4.38959E-07
0.694	4.39664E-07
0.7	4.40335E-07
0.706	4.40973E-07
0.712	4.41578E-07
0.718	4.4215E-07
0.724	4.42689E-07
0.73	4.43195E-07
0.736	4.43668E-07
0.742	4.44108E-07
0.748	4.44515E-07
0.754	4.44889E-07
0.76	4.45231E-07
0.766	4.45539E-07
0.772	4.45815E-07
0.778	4.46058E-07
0.784	4.46268E-07
0.79	4.46446E-07
0.796	4.46591E-07
0.802	4.46703E-07
0.808	4.46783E-07
0.814	4.4683E-07
0.82	4.46844E-07
0.826	4.46825E-07
0.832	4.46774E-07
0.838	4.4669E-07
0.844	4.46574E-07
0.85	4.46426E-07
0.856	4.46245E-07
0.862	4.46031E-07
0.868	4.45784E-07
0.874	4.45504E-07
0.88	4.45193E-07
0.886	4.44848E-07
0.892	4.44471E-07
0.898	4.44062E-07
0.904	4.43619E-07
0.91	4.43144E-07
0.916	4.42636E-07
0.922	4.42095E-07
0.928	4.41521E-07
0.934	4.40915E-07
0.94	4.40275E-07
0.946	4.39602E-07
0.952	4.38897E-07
0.958	4.38158E-07
0.964	4.37385E-07
0.97	4.36579E-07
0.976	4.3574E-07
0.982	4.34867E-07
0.988	4.33961E-07
0.994	4.33021E-07
1	4.32047E-07
1.006	4.31039E-07
1.012	4.29997E-07
1.018	4.2892E-07
1.024	4.27809E-07
1.03	4.26663E-07
1.036	4.25483E-07
1.042	4.24268E-07
1.048	4.23018E-07
1.054	4.21732E-07
1.06	4.2041E-07
1.066	4.19053E-07
1.072	4.1766E-07
1.078	4.1623E-07
1.084	4.14765E-07
1.09	4.13262E-07
1.096	4.11723E-07
1.102	4.10147E-07
1.108	4.08533E-07
1.114	4.06881E-07
1.12	4.05192E-07
1.126	4.03464E-07
1.132	4.01697E-07
1.138	3.99892E-07
1.144	3.98047E-07
1.15	3.96163E-07
1.156	3.94239E-07
1.162	3.92275E-07
1.168	3.90271E-07
1.174	3.88226E-07
1.18	3.86139E-07
1.186	3.84011E-07
1.192	3.81841E-07
1.198	3.79629E-07
1.204	3.77374E-07
1.21	3.75076E-07
1.216	3.72736E-07
1.222	3.70351E-07
1.228	3.67922E-07
1.234	3.65449E-07
1.24	3.62931E-07
1.246	3.60368E-07
1.252	3.5776E-07
1.258	3.55106E-07
1.264	3.52406E-07
1.27	3.49658E-07
1.276	3.46864E-07
1.282	3.44023E-07
1.288	3.41135E-07
1.294	3.38198E-07
1.3	3.35214E-07
1.306	3.32181E-07
1.312	3.29099E-07
1.318	3.25968E-07
1.324	3.22789E-07
1.33	3.1956E-07
1.336	3.16281E-07
1.342	3.12953E-07
1.348	3.09574E-07
1.354	3.06146E-07
1.36	3.02668E-07
1.366	2.99139E-07
1.372	2.95561E-07
1.378	2.91932E-07
1.384	2.88253E-07
1.39	2.84524E-07
1.396	2.80745E-07
1.402	2.76916E-07
1.408	2.73037E-07
1.414	2.69109E-07
1.42	2.65132E-07
1.426	2.61107E-07
1.432	2.57033E-07
1.438	2.52911E-07
1.444	2.48743E-07
1.45	2.44528E-07
1.456	2.40266E-07
1.462	2.35959E-07
1.468	2.31608E-07
1.474	2.27214E-07
1.48	2.22776E-07
1.486	2.18298E-07
1.492	2.13779E-07
1.498	2.09221E-07
1.504	2.04625E-07
1.51	1.99994E-07
1.516	1.95327E-07
1.522	1.90628E-07
1.528	1.85897E-07
1.534	1.81137E-07
1.54	1.7635E-07
1.546	1.71537E-07
1.552	1.66702E-07
1.558	1.61847E-07
1.564	1.56973E-07
1.57	1.52085E-07
1.576	1.47183E-07
1.582	1.42273E-07
1.588	1.37357E-07
1.594	1.32438E-07
1.6	1.27521E-07
1.606	1.22607E-07
1.612	1.17703E-07
1.618	1.12811E-07
1.624	1.07936E-07
1.63	1.03082E-07
1.636	9.82555E-08
1.642	9.34598E-08
1.648	8.87004E-08
1.654	8.39829E-08
1.66	7.93129E-08
1.666	7.46964E-08
1.672	7.01396E-08
1.678	6.56489E-08
1.684	6.1231E-08
1.69	5.6893E-08
1.696	5.26421E-08
1.702	4.84859E-08
1.708	4.44325E-08
1.714	4.04899E-08
1.72	3.66668E-08
1.726	3.2972E-08
1.732	2.94147E-08
1.738	2.60045E-08
1.744	2.27514E-08
1.75	1.96657E-08
1.756	1.67581E-08
1.762	1.40397E-08
1.768	1.15219E-08
1.774	9.21678E-09
1.78	7.13654E-09
1.786	5.29405E-09
1.792	3.70247E-09
1.798	2.3755E-09
1.804	1.32729E-09
1.81	5.72474E-10
1.816	1.26167E-10
